670

1	0	0	0.456
0	1	0	0.725
0	0	1	-0.15

1	0	0	0.456
0	1	0	0.725605
0	0	1	-0.149388

1	0	0	0.456
0	1	0	0.726224
0	0	1	-0.148747

1	0	0	0.456
0	1	0	0.726857
0	0	1	-0.148079

1	0	0	0.456
0	1	0	0.727505
0	0	1	-0.147384

1	0	0	0.456
0	1	0	0.728166
0	0	1	-0.146661

1	0	0	0.456
0	1	0	0.72884
0	0	1	-0.145912

1	0	0	0.456
0	1	0	0.729528
0	0	1	-0.145136

1	0	0	0.456
0	1	0	0.73023
0	0	1	-0.144334

1	0	0	0.456
0	1	0	0.730945
0	0	1	-0.143507

1	0	0	0.456
0	1	0	0.731673
0	0	1	-0.142655

1	0	0	0.456
0	1	0	0.732414
0	0	1	-0.141778

1	0	0	0.456
0	1	0	0.733168
0	0	1	-0.140877

1	0	0	0.456
0	1	0	0.733934
0	0	1	-0.139951

1	0	0	0.456
0	1	0	0.734713
0	0	1	-0.139003

1	0	0	0.456
0	1	0	0.735505
0	0	1	-0.13803

1	0	0	0.456
0	1	0	0.736309
0	0	1	-0.137035

1	0	0	0.456
0	1	0	0.737126
0	0	1	-0.136018

1	0	0	0.456
0	1	0	0.737954
0	0	1	-0.134979

1	0	0	0.456
0	1	0	0.738795
0	0	1	-0.133917

1	0	0	0.456
0	1	0	0.739647
0	0	1	-0.132835

1	0	0	0.456
0	1	0	0.740511
0	0	1	-0.131732

1	0	0	0.456
0	1	0	0.741387
0	0	1	-0.130608

1	0	0	0.456
0	1	0	0.742274
0	0	1	-0.129464

1	0	0	0.456
0	1	0	0.743173
0	0	1	-0.1283

1	0	0	0.456
0	1	0	0.744082
0	0	1	-0.127117

1	0	0	0.456
0	1	0	0.745003
0	0	1	-0.125915

1	0	0	0.456
0	1	0	0.745935
0	0	1	-0.124694

1	0	0	0.456
0	1	0	0.746878
0	0	1	-0.123455

1	0	0	0.456
0	1	0	0.747831
0	0	1	-0.122199

1	0	0	0.456
0	1	0	0.748795
0	0	1	-0.120924

1	0	0	0.456
0	1	0	0.749769
0	0	1	-0.119633

1	0	0	0.456
0	1	0	0.750754
0	0	1	-0.118325

1	0	0	0.456
0	1	0	0.751749
0	0	1	-0.117001

1	0	0	0.456
0	1	0	0.752754
0	0	1	-0.115661

1	0	0	0.456
0	1	0	0.753769
0	0	1	-0.114305

1	0	0	0.456
0	1	0	0.754794
0	0	1	-0.112935

1	0	0	0.456
0	1	0	0.755828
0	0	1	-0.111549

1	0	0	0.456
0	1	0	0.756872
0	0	1	-0.110149

1	0	0	0.456
0	1	0	0.757925
0	0	1	-0.108736

1	0	0	0.456
0	1	0	0.758988
0	0	1	-0.107308

1	0	0	0.456
0	1	0	0.76006
0	0	1	-0.105867

1	0	0	0.456
0	1	0	0.761141
0	0	1	-0.104414

1	0	0	0.456
0	1	0	0.762231
0	0	1	-0.102948

1	0	0	0.456
0	1	0	0.763329
0	0	1	-0.10147

1	0	0	0.456
0	1	0	0.764437
0	0	1	-0.0999806

1	0	0	0.456
0	1	0	0.765552
0	0	1	-0.0984796

1	0	0	0.456
0	1	0	0.766676
0	0	1	-0.0969678

1	0	0	0.456
0	1	0	0.767809
0	0	1	-0.0954455

1	0	0	0.456
0	1	0	0.76895
0	0	1	-0.0939131

1	0	0	0.456
0	1	0	0.770098
0	0	1	-0.0923709

1	0	0	0.456
0	1	0	0.771255
0	0	1	-0.0908193

1	0	0	0.456
0	1	0	0.772419
0	0	1	-0.0892588

1	0	0	0.456
0	1	0	0.773591
0	0	1	-0.0876896

1	0	0	0.456
0	1	0	0.77477
0	0	1	-0.0861123

1	0	0	0.456
0	1	0	0.775957
0	0	1	-0.0845271

1	0	0	0.456
0	1	0	0.777151
0	0	1	-0.0829345

1	0	0	0.456
0	1	0	0.778352
0	0	1	-0.0813348

1	0	0	0.456
0	1	0	0.77956
0	0	1	-0.0797285

1	0	0	0.456
0	1	0	0.780775
0	0	1	-0.0781159

1	0	0	0.456
0	1	0	0.781997
0	0	1	-0.0764974

1	0	0	0.456
0	1	0	0.783225
0	0	1	-0.0748734

1	0	0	0.456
0	1	0	0.78446
0	0	1	-0.0732442

1	0	0	0.456
0	1	0	0.785701
0	0	1	-0.0716103

1	0	0	0.456
0	1	0	0.786949
0	0	1	-0.0699721

1	0	0	0.456
0	1	0	0.788202
0	0	1	-0.0683298

1	0	0	0.456
0	1	0	0.789462
0	0	1	-0.066684

1	0	0	0.456
0	1	0	0.790727
0	0	1	-0.065035

1	0	0	0.456
0	1	0	0.791998
0	0	1	-0.0633831

1	0	0	0.456
0	1	0	0.793274
0	0	1	-0.0617288

1	0	0	0.456
0	1	0	0.794556
0	0	1	-0.0600725

1	0	0	0.456
0	1	0	0.795844
0	0	1	-0.0584145

1	0	0	0.456
0	1	0	0.797136
0	0	1	-0.0567552

1	0	0	0.456
0	1	0	0.798434
0	0	1	-0.055095

1	0	0	0.456
0	1	0	0.799736
0	0	1	-0.0534343

1	0	0	0.456
0	1	0	0.801044
0	0	1	-0.0517734

1	0	0	0.456
0	1	0	0.802356
0	0	1	-0.0501129

1	0	0	0.456
0	1	0	0.803672
0	0	1	-0.0484529

1	0	0	0.456
0	1	0	0.804993
0	0	1	-0.046794

1	0	0	0.456
0	1	0	0.806318
0	0	1	-0.0451365

1	0	0	0.456
0	1	0	0.807648
0	0	1	-0.0434808

1	0	0	0.456
0	1	0	0.808981
0	0	1	-0.0418273

1	0	0	0.456
0	1	0	0.810319
0	0	1	-0.0401763

1	0	0	0.456
0	1	0	0.81166
0	0	1	-0.0385283

1	0	0	0.456
0	1	0	0.813005
0	0	1	-0.0368837

1	0	0	0.456
0	1	0	0.814353
0	0	1	-0.0352427

1	0	0	0.456
0	1	0	0.815705
0	0	1	-0.0336059

1	0	0	0.456
0	1	0	0.81706
0	0	1	-0.0319735

1	0	0	0.456
0	1	0	0.818418
0	0	1	-0.030346

1	0	0	0.456
0	1	0	0.819779
0	0	1	-0.0287238

1	0	0	0.456
0	1	0	0.821143
0	0	1	-0.0271072

1	0	0	0.456
0	1	0	0.82251
0	0	1	-0.0254966

1	0	0	0.456
0	1	0	0.82388
0	0	1	-0.0238925

1	0	0	0.456
0	1	0	0.825252
0	0	1	-0.0222951

1	0	0	0.456
0	1	0	0.826626
0	0	1	-0.020705

1	0	0	0.456
0	1	0	0.828003
0	0	1	-0.0191224

1	0	0	0.456
0	1	0	0.829381
0	0	1	-0.0175477

1	0	0	0.456
0	1	0	0.830762
0	0	1	-0.0159814

1	0	0	0.456
0	1	0	0.832144
0	0	1	-0.0144238

1	0	0	0.456
0	1	0	0.833529
0	0	1	-0.0128753

1	0	0	0.456
0	1	0	0.834915
0	0	1	-0.0113363

1	0	0	0.456
0	1	0	0.836302
0	0	1	-0.00980721

1	0	0	0.456
0	1	0	0.837691
0	0	1	-0.00828835

1	0	0	0.456
0	1	0	0.839081
0	0	1	-0.00678014

1	0	0	0.456
0	1	0	0.840472
0	0	1	-0.00528295

1	0	0	0.456
0	1	0	0.841864
0	0	1	-0.00379718

1	0	0	0.456
0	1	0	0.843256
0	0	1	-0.0023232

1	0	0	0.456
0	1	0	0.84465
0	0	1	-0.000861413

1	0	0	0.456
0	1	0	0.846044
0	0	1	0.000587809

1	0	0	0.456
0	1	0	0.847438
0	0	1	0.00202408

1	0	0	0.456
0	1	0	0.848833
0	0	1	0.00344701

1	0	0	0.456
0	1	0	0.850228
0	0	1	0.00485622

1	0	0	0.456
0	1	0	0.851623
0	0	1	0.00625132

1	0	0	0.456
0	1	0	0.853019
0	0	1	0.00763193

1	0	0	0.456
0	1	0	0.854413
0	0	1	0.00899766

1	0	0	0.456
0	1	0	0.855808
0	0	1	0.0103481

1	0	0	0.456
0	1	0	0.857202
0	0	1	0.011683

1	0	0	0.456
0	1	0	0.858596
0	0	1	0.0130017

1	0	0	0.456
0	1	0	0.859988
0	0	1	0.0143041

1	0	0	0.456
0	1	0	0.86138
0	0	1	0.0155897

1	0	0	0.456
0	1	0	0.862771
0	0	1	0.0168581

1	0	0	0.456
0	1	0	0.864161
0	0	1	0.0181089

1	0	0	0.456
0	1	0	0.86555
0	0	1	0.0193418

1	0	0	0.456
0	1	0	0.866937
0	0	1	0.0205563

1	0	0	0.456
0	1	0	0.868323
0	0	1	0.0217521

1	0	0	0.456
0	1	0	0.869707
0	0	1	0.0229288

1	0	0	0.456
0	1	0	0.87109
0	0	1	0.024086

1	0	0	0.456
0	1	0	0.872471
0	0	1	0.0252233

1	0	0	0.456
0	1	0	0.873849
0	0	1	0.0263404

1	0	0	0.456
0	1	0	0.875226
0	0	1	0.0274368

1	0	0	0.456
0	1	0	0.8766
0	0	1	0.0285122

1	0	0	0.456
0	1	0	0.877972
0	0	1	0.0295661

1	0	0	0.456
0	1	0	0.879342
0	0	1	0.0305983

1	0	0	0.456
0	1	0	0.880709
0	0	1	0.0316083

1	0	0	0.456
0	1	0	0.882073
0	0	1	0.0325957

1	0	0	0.456
0	1	0	0.883434
0	0	1	0.0335601

1	0	0	0.456
0	1	0	0.884792
0	0	1	0.0345012

1	0	0	0.456
0	1	0	0.886147
0	0	1	0.0354186

1	0	0	0.456
0	1	0	0.887499
0	0	1	0.0363118

1	0	0	0.456
0	1	0	0.888847
0	0	1	0.0371806

1	0	0	0.456
0	1	0	0.890192
0	0	1	0.0380245

1	0	0	0.456
0	1	0	0.891533
0	0	1	0.0388431

1	0	0	0.456
0	1	0	0.892871
0	0	1	0.0396361

1	0	0	0.456
0	1	0	0.894204
0	0	1	0.040403

1	0	0	0.456
0	1	0	0.895533
0	0	1	0.0411435

1	0	0	0.456
0	1	0	0.896859
0	0	1	0.0418573

1	0	0	0.456
0	1	0	0.89818
0	0	1	0.0425438

1	0	0	0.456
0	1	0	0.899496
0	0	1	0.0432027

1	0	0	0.456
0	1	0	0.900808
0	0	1	0.0438337

1	0	0	0.456
0	1	0	0.902116
0	0	1	0.0444364

1	0	0	0.456
0	1	0	0.903418
0	0	1	0.0450103

1	0	0	0.456
0	1	0	0.904716
0	0	1	0.0455551

1	0	0	0.456
0	1	0	0.906008
0	0	1	0.0460704

1	0	0	0.456
0	1	0	0.907296
0	0	1	0.0465559

1	0	0	0.456
0	1	0	0.908578
0	0	1	0.047011

1	0	0	0.456
0	1	0	0.909854
0	0	1	0.0474356

1	0	0	0.456
0	1	0	0.911125
0	0	1	0.047829

1	0	0	0.456
0	1	0	0.91239
0	0	1	0.0481911

1	0	0	0.456
0	1	0	0.91365
0	0	1	0.0485214

1	0	0	0.456
0	1	0	0.914903
0	0	1	0.0488194

1	0	0	0.456
0	1	0	0.916151
0	0	1	0.0490849

1	0	0	0.456
0	1	0	0.917392
0	0	1	0.0493174

1	0	0	0.456
0	1	0	0.918627
0	0	1	0.0495166

1	0	0	0.456
0	1	0	0.919855
0	0	1	0.0496821

1	0	0	0.456
0	1	0	0.921077
0	0	1	0.0498134

1	0	0	0.456
0	1	0	0.922292
0	0	1	0.0499102

1	0	0	0.456
0	1	0	0.9235
0	0	1	0.0499722

1	0	0	0.456
0	1	0	0.924701
0	0	1	0.0499989

1	0	0	0.456
0	0.999994	-0.00352939	0.9259
0	0.00352939	0.999994	0.049992

1	0	0	0.456
0	1	-0.000127618	0.927109
0	0.000127618	1	0.0499564

1	0	0	0.456
0	1	-0.000313235	0.928328
0	0.000313235	1	0.0498927

1	0	0	0.456
0	1	-0.00057892	0.929558
0	0.00057892	1	0.0498012

1	0	0	0.456
0	1	-0.000923164	0.930798
0	0.000923164	1	0.0496819

1	0	0	0.456
0	0.999999	-0.00134446	0.932047
0	0.00134446	0.999999	0.0495353

1	0	0	0.456
0	0.999998	-0.00184128	0.933306
0	0.00184128	0.999998	0.0493616

1	0	0	0.456
0	0.999997	-0.00241214	0.934575
0	0.00241214	0.999997	0.049161

1	0	0	0.456
0	0.999995	-0.00305551	0.935852
0	0.00305551	0.999995	0.0489338

1	0	0	0.456
0	0.999993	-0.00376988	0.937139
0	0.00376988	0.999993	0.0486803

1	0	0	0.456
0	0.99999	-0.00455374	0.938435
0	0.00455374	0.99999	0.0484006

1	0	0	0.456
0	0.999985	-0.00540558	0.939739
0	0.00540558	0.999985	0.0480951

1	0	0	0.456
0	0.99998	-0.00632389	0.941052
0	0.00632389	0.99998	0.047764

1	0	0	0.456
0	0.999973	-0.00730716	0.942373
0	0.00730716	0.999973	0.0474076

1	0	0	0.456
0	0.999965	-0.00835386	0.943702
0	0.00835386	0.999965	0.0470261

1	0	0	0.456
0	0.999955	-0.0094625	0.945039
0	0.0094625	0.999955	0.0466198

1	0	0	0.456
0	0.999943	-0.0106315	0.946384
0	0.0106315	0.999943	0.0461889

1	0	0	0.456
0	0.99993	-0.0118595	0.947736
0	0.0118595	0.99993	0.0457338

1	0	0	0.456
0	0.999914	-0.0131448	0.949095
0	0.0131448	0.999914	0.0452545

1	0	0	0.456
0	0.999895	-0.014486	0.950462
0	0.014486	0.999895	0.0447515

1	0	0	0.456
0	0.999874	-0.0158816	0.951836
0	0.0158816	0.999874	0.044225

1	0	0	0.456
0	0.99985	-0.01733	0.953216
0	0.01733	0.99985	0.0436752

1	0	0	0.456
0	0.999823	-0.0188297	0.954603
0	0.0188297	0.999823	0.0431024

1	0	0	0.456
0	0.999792	-0.0203792	0.955996
0	0.0203792	0.999792	0.0425068

1	0	0	0.456
0	0.999758	-0.021977	0.957395
0	0.021977	0.999758	0.0418886

1	0	0	0.456
0	0.999721	-0.0236216	0.9588
0	0.0236216	0.999721	0.0412483

1	0	0	0.456
0	0.99968	-0.0253114	0.960211
0	0.0253114	0.99968	0.0405859

1	0	0	0.456
0	0.999634	-0.0270449	0.961628
0	0.0270449	0.999634	0.0399018

1	0	0	0.456
0	0.999585	-0.0288206	0.96305
0	0.0288206	0.999585	0.0391963

1	0	0	0.456
0	0.999531	-0.0306371	0.964477
0	0.0306371	0.999531	0.0384695

1	0	0	0.456
0	0.999472	-0.0324926	0.96591
0	0.0324926	0.999472	0.0377217

1	0	0	0.456
0	0.999409	-0.0343858	0.967347
0	0.0343858	0.999409	0.0369532

1	0	0	0.456
0	0.99934	-0.0363151	0.968788
0	0.0363151	0.99934	0.0361643

1	0	0	0.456
0	0.999267	-0.038279	0.970234
0	0.038279	0.999267	0.0353552

1	0	0	0.456
0	0.999189	-0.040276	0.971685
0	0.040276	0.999189	0.0345261

1	0	0	0.456
0	0.999105	-0.0423045	0.973139
0	0.0423045	0.999105	0.0336773

1	0	0	0.456
0	0.999015	-0.044363	0.974597
0	0.044363	0.999015	0.0328091

1	0	0	0.456
0	0.998921	-0.04645	0.976059
0	0.04645	0.998921	0.0319218

1	0	0	0.456
0	0.99882	-0.048564	0.977524
0	0.048564	0.99882	0.0310155

1	0	0	0.456
0	0.998714	-0.0507033	0.978993
0	0.0507033	0.998714	0.0300905

1	0	0	0.456
0	0.998602	-0.0528666	0.980464
0	0.0528666	0.998602	0.0291472

1	0	0	0.456
0	0.998483	-0.0550523	0.981939
0	0.0550523	0.998483	0.0281857

1	0	0	0.456
0	0.998359	-0.0572588	0.983416
0	0.0572588	0.998359	0.0272063

1	0	0	0.456
0	0.998229	-0.0594847	0.984896
0	0.0594847	0.998229	0.0262093

1	0	0	0.456
0	0.998093	-0.0617283	0.986378
0	0.0617283	0.998093	0.0251949

1	0	0	0.456
0	0.997951	-0.0639882	0.987862
0	0.0639882	0.997951	0.0241634

1	0	0	0.456
0	0.997802	-0.0662629	0.989348
0	0.0662629	0.997802	0.023115

1	0	0	0.456
0	0.997648	-0.0685508	0.990836
0	0.0685508	0.997648	0.02205

1	0	0	0.456
0	0.997487	-0.0708504	0.992325
0	0.0708504	0.997487	0.0209687

1	0	0	0.456
0	0.99732	-0.0731601	0.993816
0	0.0731601	0.99732	0.0198712

1	0	0	0.456
0	0.997147	-0.0754785	0.995308
0	0.0754785	0.997147	0.0187579

1	0	0	0.456
0	0.996969	-0.077804	0.996801
0	0.077804	0.996969	0.0176291

1	0	0	0.456
0	0.996784	-0.0801351	0.998294
0	0.0801351	0.996784	0.0164849

1	0	0	0.456
0	0.996594	-0.0824703	0.999788
0	0.0824703	0.996594	0.0153257

1	0	0	0.456
0	0.996397	-0.0848081	1.00128
0	0.0848081	0.996397	0.0141516

1	0	0	0.456
0	0.996195	-0.0871469	1.00278
0	0.0871469	0.996195	0.012963

1	0	0	0.456
0	0.995988	-0.0894852	1.00427
0	0.0894852	0.995988	0.01176

1	0	0	0.456
0	0.995775	-0.0918215	1.00577
0	0.0918215	0.995775	0.0105431

1	0	0	0.456
0	0.995558	-0.0941543	1.00726
0	0.0941543	0.995558	0.00931232

1	0	0	0.456
0	0.995335	-0.0964821	1.00875
0	0.0964821	0.995335	0.00806804

1	0	0	0.456
0	0.995107	-0.0988033	1.01025
0	0.0988033	0.995107	0.00681049

1	0	0	0.456
0	0.994875	-0.101116	1.01174
0	0.101116	0.994875	0.00553991

1	0	0	0.456
0	0.994638	-0.10342	1.01323
0	0.10342	0.994638	0.00425658

1	0	0	0.456
0	0.994397	-0.105713	1.01472
0	0.105713	0.994397	0.00296074

1	0	0	0.456
0	0.994152	-0.107993	1.01621
0	0.107993	0.994152	0.00165266

1	0	0	0.456
0	0.993903	-0.110259	1.01769
0	0.110259	0.993903	0.00033258

1	0	0	0.456
0	0.993651	-0.112509	1.01918
0	0.112509	0.993651	-0.000999232

1	0	0	0.456
0	0.993395	-0.114742	1.02066
0	0.114742	0.993395	-0.00234252

1	0	0	0.456
0	0.993137	-0.116957	1.02214
0	0.116957	0.993137	-0.00369703

1	0	0	0.456
0	0.992876	-0.119151	1.02362
0	0.119151	0.992876	-0.00506251

1	0	0	0.456
0	0.992613	-0.121324	1.02509
0	0.121324	0.992613	-0.0064387

1	0	0	0.456
0	0.992348	-0.123474	1.02656
0	0.123474	0.992348	-0.00782533

1	0	0	0.456
0	0.992081	-0.125599	1.02803
0	0.125599	0.992081	-0.00922217

1	0	0	0.456
0	0.991813	-0.127699	1.0295
0	0.127699	0.991813	-0.0106289

1	0	0	0.456
0	0.991544	-0.129771	1.03096
0	0.129771	0.991544	-0.0120454

1	0	0	0.456
0	0.991275	-0.131813	1.03242
0	0.131813	0.991275	-0.0134713

1	0	0	0.456
0	0.991005	-0.133825	1.03387
0	0.133825	0.991005	-0.0149063

1	0	0	0.456
0	0.990735	-0.135806	1.03532
0	0.135806	0.990735	-0.0163503

1	0	0	0.456
0	0.990467	-0.137753	1.03677
0	0.137753	0.990467	-0.0178029

1	0	0	0.456
0	0.990199	-0.139664	1.03821
0	0.139664	0.990199	-0.0192639

1	0	0	0.456
0	0.989933	-0.14154	1.03965
0	0.14154	0.989933	-0.0207331

1	0	0	0.456
0	0.989668	-0.143377	1.04108
0	0.143377	0.989668	-0.0222102

1	0	0	0.456
0	0.989406	-0.145176	1.04251
0	0.145176	0.989406	-0.0236948

1	0	0	0.456
0	0.989146	-0.146933	1.04393
0	0.146933	0.989146	-0.0251869

1	0	0	0.456
0	0.98889	-0.148648	1.04534
0	0.148648	0.98889	-0.0266861

1	0	0	0.456
0	0.988637	-0.150319	1.04676
0	0.150319	0.988637	-0.0281921

1	0	0	0.456
0	0.988389	-0.151945	1.04816
0	0.151945	0.988389	-0.0297048

1	0	0	0.456
0	0.988145	-0.153525	1.04956
0	0.153525	0.988145	-0.0312237

1	0	0	0.456
0	0.987906	-0.155056	1.05095
0	0.155056	0.987906	-0.0327488

1	0	0	0.456
0	0.987672	-0.156538	1.05234
0	0.156538	0.987672	-0.0342797

1	0	0	0.456
0	0.987444	-0.157968	1.05372
0	0.157968	0.987444	-0.0358162

1	0	0	0.456
0	0.987223	-0.159346	1.05509
0	0.159346	0.987223	-0.0373581

1	0	0	0.456
0	0.987008	-0.16067	1.05646
0	0.16067	0.987008	-0.0389049

1	0	0	0.456
0	0.986801	-0.161939	1.05782
0	0.161939	0.986801	-0.0404566

1	0	0	0.456
0	0.986601	-0.163151	1.05917
0	0.163151	0.986601	-0.0420129

1	0	0	0.456
0	0.98641	-0.164304	1.06052
0	0.164304	0.98641	-0.0435734

1	0	0	0.456
0	0.986227	-0.165398	1.06185
0	0.165398	0.986227	-0.045138

1	0	0	0.456
0	0.986053	-0.16643	1.06318
0	0.16643	0.986053	-0.0467064

1	0	0	0.456
0	0.985889	-0.167399	1.0645
0	0.167399	0.985889	-0.0482783

1	0	0	0.456
0	0.985735	-0.168305	1.06582
0	0.168305	0.985735	-0.0498534

1	0	0	0.456
0	0.985591	-0.169144	1.06712
0	0.169144	0.985591	-0.0514316

1	0	0	0.456
0	0.985458	-0.169917	1.06842
0	0.169917	0.985458	-0.0530126

1	0	0	0.456
0	0.985337	-0.170621	1.0697
0	0.170621	0.985337	-0.054596

1	0	0	0.456
0	0.985227	-0.171255	1.07098
0	0.171255	0.985227	-0.0561817

1	0	0	0.456
0	0.985129	-0.171817	1.07225
0	0.171817	0.985129	-0.0577693

1	0	0	0.456
0	0.985043	-0.172306	1.07351
0	0.172306	0.985043	-0.0593587

1	0	0	0.456
0	0.984971	-0.172721	1.07476
0	0.172721	0.984971	-0.0609496

1	0	0	0.456
0	0.984911	-0.17306	1.076
0	0.17306	0.984911	-0.0625417

1	0	0	0.456
0	0.984865	-0.173322	1.07723
0	0.173322	0.984865	-0.0641348

1	0	0	0.456
0	0.984833	-0.173505	1.07845
0	0.173505	0.984833	-0.0657285

1	0	0	0.456
0	0.984815	-0.173607	1.07966
0	0.173607	0.984815	-0.0673227

1	0	0	0.456
0	0.984811	-0.173628	1.08085
0	0.173628	0.984811	-0.0689171

1	0	0	0.456
0	0.984822	-0.173565	1.08204
0	0.173565	0.984822	-0.0705115

1	0	0	0.456
0	0.984848	-0.173418	1.08322
0	0.173418	0.984848	-0.0721055

1	0	0	0.456
0	0.984889	-0.173184	1.08438
0	0.173184	0.984889	-0.0736989

1	0	0	0.456
0	0.984946	-0.172862	1.08554
0	0.172862	0.984946	-0.0752915

1	0	0	0.456
0	0.985018	-0.172452	1.08668
0	0.172452	0.985018	-0.076883

1	0	0	0.456
0	0.985106	-0.17195	1.08781
0	0.17195	0.985106	-0.0784732

1	0	0	0.456
0	0.985209	-0.171356	1.08893
0	0.171356	0.985209	-0.0800618

1	0	0	0.456
0	0.985329	-0.170668	1.09004
0	0.170668	0.985329	-0.0816485

1	0	0	0.456
0	0.985464	-0.169885	1.09113
0	0.169885	0.985464	-0.0832331

1	0	0	0.456
0	0.985615	-0.169005	1.09221
0	0.169005	0.985615	-0.0848153

1	0	0	0.456
0	0.985783	-0.168026	1.09328
0	0.168026	0.985783	-0.0863949

1	0	0	0.456
0	0.985966	-0.166947	1.09434
0	0.166947	0.985966	-0.0879716

1	0	0	0.456
0	0.986165	-0.165767	1.09538
0	0.165767	0.986165	-0.0895451

1	0	0	0.456
0	0.98638	-0.164484	1.09641
0	0.164484	0.98638	-0.0911153

1	0	0	0.456
0	0.98661	-0.163097	1.09743
0	0.163097	0.98661	-0.0926818

1	0	0	0.456
0	0.986856	-0.161603	1.09843
0	0.161603	0.986856	-0.0942444

1	0	0	0.456
0	0.987117	-0.160001	1.09942
0	0.160001	0.987117	-0.0958028

1	0	0	0.456
0	0.987393	-0.15829	1.1004
0	0.15829	0.987393	-0.0973568

1	0	0	0.456
0	0.987683	-0.156468	1.10136
0	0.156468	0.987683	-0.0989061

1	0	0	0.456
0	0.987987	-0.154534	1.10231
0	0.154534	0.987987	-0.100451

1	0	0	0.456
0	0.988306	-0.152486	1.10324
0	0.152486	0.988306	-0.10199

1	0	0	0.456
0	0.988637	-0.150322	1.10415
0	0.150322	0.988637	-0.103523

1	0	0	0.456
0	0.988981	-0.14804	1.10506
0	0.14804	0.988981	-0.105051

1	0	0	0.456
0	0.989338	-0.14564	1.10594
0	0.14564	0.989338	-0.106574

1	0	0	0.456
0	0.989705	-0.14312	1.10681
0	0.14312	0.989705	-0.108089

1	0	0	0.456
0	0.990084	-0.140477	1.10767
0	0.140477	0.990084	-0.109599

1	0	0	0.456
0	0.990473	-0.13771	1.10851
0	0.13771	0.990473	-0.111101

1	0	0	0.456
0	0.99087	-0.134819	1.10933
0	0.134819	0.99087	-0.112597

1	0	0	0.456
0	0.991276	-0.1318	1.11014
0	0.1318	0.991276	-0.114085

1	0	0	0.456
0	0.99169	-0.128653	1.11093
0	0.128653	0.99169	-0.115566

1	0	0	0.456
0	0.992109	-0.125375	1.11171
0	0.125375	0.992109	-0.11704

1	0	0	0.456
0	0.992534	-0.121966	1.11247
0	0.121966	0.992534	-0.118505

1	0	0	0.456
0	0.992963	-0.118423	1.11321
0	0.118423	0.992963	-0.119961

1	0	0	0.456
0	0.993395	-0.114746	1.11393
0	0.114746	0.993395	-0.12141

1	0	0	0.456
0	0.993828	-0.110931	1.11464
0	0.110931	0.993828	-0.122849

1	0	0	0.456
0	0.994261	-0.106978	1.11533
0	0.106978	0.994261	-0.12428

1	0	0	0.456
0	0.994693	-0.102886	1.116
0	0.102886	0.994693	-0.125701

1	0	0	0.456
0	0.995122	-0.0986514	1.11666
0	0.0986514	0.995122	-0.127113

1	0	0	0.456
0	0.995546	-0.0942739	1.11729
0	0.0942739	0.995546	-0.128515

1	0	0	0.456
0	0.995964	-0.0897517	1.11791
0	0.0897517	0.995964	-0.129906

1	0	0	0.456
0	0.996374	-0.0850831	1.11851
0	0.0850831	0.996374	-0.131288

1	0	0	0.456
0	0.996773	-0.0802666	1.11909
0	0.0802666	0.996773	-0.132659

1	0	0	0.456
0	0.997161	-0.0753006	1.11965
0	0.0753006	0.997161	-0.134019

1	0	0	0.456
0	0.997534	-0.0701835	1.12019
0	0.0701835	0.997534	-0.135368

1	0	0	0.456
0	0.997891	-0.0649138	1.12072
0	0.0649138	0.997891	-0.136705

1	0	0	0.456
0	0.998229	-0.05949	1.12122
0	0.05949	0.998229	-0.138031

1	0	0	0.456
0	0.998546	-0.0539106	1.1217
0	0.0539106	0.998546	-0.139345

1	0	0	0.456
0	0.998839	-0.0481741	1.12217
0	0.0481741	0.998839	-0.140647

1	0	0	0.456
0	0.999106	-0.042279	1.12261
0	0.042279	0.999106	-0.141937

1	0	0	0.456
0	0.999344	-0.0362239	1.12304
0	0.0362239	0.999344	-0.143214

1	0	0	0.456
0	0.99955	-0.0300074	1.12344
0	0.0300074	0.99955	-0.144478

1	0	0	0.456
0	0.999721	-0.0236281	1.12382
0	0.0236281	0.999721	-0.145729

1	0	0	0.456
0	0.999854	-0.0170847	1.12419
0	0.0170847	0.999854	-0.146966

1	0	0	0.456
0	0.999946	-0.010376	1.12453
0	0.010376	0.999946	-0.14819

1	0	0	0.456
0	0.999994	-0.00350057	1.12485
0	0.00350057	0.999994	-0.1494

0.999947	2.94775e-05	-0.0102939	0.456
2.94775e-05	0.999984	0.005727	1.12515
0.0102939	-0.005727	0.999931	-0.150598

1	1.06828e-06	-0.00020296	0.456
1.06828e-06	0.999945	0.0105267	1.12542
0.00020296	-0.0105267	0.999945	-0.151794

1	4.90399e-06	-0.000560352	0.456
4.90399e-06	0.999847	0.0175019	1.12568
0.000560352	-0.0175019	0.999847	-0.15299

0.999999	1.33423e-05	-0.00109156	0.456
1.33423e-05	0.999701	0.0244426	1.12592
0.00109156	-0.0244426	0.999701	-0.154185

0.999998	2.81151e-05	-0.00179328	0.456
2.81151e-05	0.999509	0.0313484	1.12613
0.00179328	-0.0313484	0.999507	-0.155381

0.999996	5.08916e-05	-0.00266218	0.456
5.08916e-05	0.999269	0.038219	1.12633
0.00266218	-0.038219	0.999266	-0.156577

0.999993	8.32784e-05	-0.00369491	0.456
8.32784e-05	0.998985	0.0450542	1.1265
0.00369491	-0.0450542	0.998978	-0.157773

0.999988	0.00012682	-0.00488814	0.456
0.00012682	0.998655	0.0518538	1.12665
0.00488814	-0.0518538	0.998643	-0.158969

0.999981	0.000183001	-0.0062385	0.456
0.000183001	0.998281	0.0586173	1.12679
0.0062385	-0.0586173	0.998261	-0.160164

0.99997	0.000253244	-0.00774262	0.456
0.000253244	0.997863	0.0653446	1.1269
0.00774262	-0.0653446	0.997833	-0.16136

0.999956	0.00033891	-0.00939712	0.456
0.00033891	0.997402	0.0720354	1.12699
0.00939712	-0.0720354	0.997358	-0.162556

0.999937	0.000441304	-0.0111986	0.456
0.000441304	0.996899	0.0786895	1.12707
0.0111986	-0.0786895	0.996836	-0.163752

0.999913	0.000561668	-0.0131437	0.456
0.000561668	0.996355	0.0853066	1.12712
0.0131437	-0.0853066	0.996268	-0.164948

0.999884	0.000701189	-0.0152289	0.456
0.000701189	0.995769	0.0918864	1.12716
0.0152289	-0.0918864	0.995653	-0.166143

0.999847	0.000860992	-0.0174509	0.456
0.000860992	0.995144	0.0984289	1.12718
0.0174509	-0.0984289	0.994991	-0.167339

0.999803	0.00104215	-0.0198062	0.456
0.00104215	0.994479	0.104934	1.12718
0.0198062	-0.104934	0.994282	-0.168535

0.999751	0.00124567	-0.0222914	0.456
0.00124567	0.993775	0.111401	1.12716
0.0222914	-0.111401	0.993526	-0.169731

0.999689	0.00147251	-0.024903	0.456
0.00147251	0.993033	0.117829	1.12712
0.024903	-0.117829	0.992722	-0.170927

0.999617	0.00172357	-0.0276376	0.456
0.00172357	0.992253	0.12422	1.12706
0.0276376	-0.12422	0.99187	-0.172123

0.999533	0.00199971	-0.0304917	0.456
0.00199971	0.991437	0.130572	1.12699
0.0304917	-0.130572	0.99097	-0.173318

0.999437	0.00230169	-0.0334618	0.456
0.00230169	0.990584	0.136885	1.1269
0.0334618	-0.136885	0.990022	-0.174514

0.999329	0.00263028	-0.0365444	0.456
0.00263028	0.989696	0.143159	1.12679
0.0365444	-0.143159	0.989025	-0.17571

0.999206	0.00298614	-0.0397362	0.456
0.00298614	0.988773	0.149395	1.12666
0.0397362	-0.149395	0.987979	-0.176906

0.999068	0.0033699	-0.0430335	0.456
0.0033699	0.987816	0.155591	1.12652
0.0430335	-0.155591	0.986884	-0.178102

0.998914	0.00378215	-0.0464328	0.456
0.00378215	0.986825	0.161747	1.12636
0.0464328	-0.161747	0.985739	-0.179297

0.998744	0.00422341	-0.0499307	0.456
0.00422341	0.985801	0.167863	1.12618
0.0499307	-0.167863	0.984545	-0.180493

0.998556	0.00469415	-0.0535237	0.456
0.00469415	0.984745	0.17394	1.12599
0.0535237	-0.17394	0.983301	-0.181689

0.998349	0.0051948	-0.0572081	0.456
0.0051948	0.983657	0.179977	1.12578
0.0572081	-0.179977	0.982006	-0.182885

0.998123	0.00572573	-0.0609805	0.456
0.00572573	0.982538	0.185973	1.12555
0.0609805	-0.185973	0.980661	-0.184081

0.997876	0.00628726	-0.0648374	0.456
0.00628726	0.981389	0.191929	1.12531
0.0648374	-0.191929	0.979265	-0.185277

0.997608	0.00687967	-0.0687751	0.456
0.00687967	0.980209	0.197844	1.12505
0.0687751	-0.197844	0.977818	-0.186472

0.997319	0.00750319	-0.0727903	0.456
0.00750319	0.979001	0.203718	1.12478
0.0727903	-0.203718	0.97632	-0.187668

0.997007	0.00815799	-0.0768792	0.456
0.00815799	0.977764	0.209551	1.12449
0.0768792	-0.209551	0.974771	-0.188864

0.996672	0.00884421	-0.0810385	0.456
0.00884421	0.976498	0.215344	1.12418
0.0810385	-0.215344	0.97317	-0.19006

0.996312	0.00956193	-0.0852644	0.456
0.00956193	0.975206	0.221094	1.12387
0.0852644	-0.221094	0.971518	-0.191256

0.995929	0.0103112	-0.0895536	0.456
0.0103112	0.973886	0.226804	1.12353
0.0895536	-0.226804	0.969814	-0.192451

0.99552	0.011092	-0.0939024	0.456
0.011092	0.97254	0.232472	1.12318
0.0939024	-0.232472	0.96806	-0.193647

0.995085	0.0119042	-0.0983073	0.456
0.0119042	0.971168	0.238098	1.12282
0.0983073	-0.238098	0.966253	-0.194843

0.994624	0.0127479	-0.102765	0.456
0.0127479	0.969771	0.243682	1.12244
0.102765	-0.243682	0.964395	-0.196039

0.994136	0.0136228	-0.107271	0.456
0.0136228	0.96835	0.249224	1.12205
0.107271	-0.249224	0.962487	-0.197235

0.993622	0.0145288	-0.111823	0.456
0.0145288	0.966905	0.254724	1.12165
0.111823	-0.254724	0.960527	-0.19843

0.99308	0.0154656	-0.116417	0.456
0.0154656	0.965436	0.260181	1.12123
0.116417	-0.260181	0.958516	-0.199626

0.99251	0.016433	-0.121049	0.456
0.016433	0.963944	0.265597	1.1208
0.121049	-0.265597	0.956454	-0.200822

0.991913	0.0174306	-0.125716	0.456
0.0174306	0.96243	0.27097	1.12035
0.125716	-0.27097	0.954343	-0.202018

0.991288	0.0184582	-0.130415	0.456
0.0184582	0.960894	0.276301	1.11989
0.130415	-0.276301	0.952182	-0.203214

0.990634	0.0195153	-0.135141	0.456
0.0195153	0.959337	0.281589	1.11942
0.135141	-0.281589	0.949971	-0.20441

0.989952	0.0206016	-0.139892	0.456
0.0206016	0.957759	0.286834	1.11894
0.139892	-0.286834	0.947711	-0.205605

0.989243	0.0217164	-0.144663	0.456
0.0217164	0.95616	0.292037	1.11844
0.144663	-0.292037	0.945403	-0.206801

0.988505	0.0228595	-0.149452	0.456
0.0228595	0.954542	0.297197	1.11793
0.149452	-0.297197	0.943047	-0.207997

0.987739	0.0240301	-0.154255	0.456
0.0240301	0.952905	0.302315	1.11741
0.154255	-0.302315	0.940644	-0.209193

0.986945	0.0252278	-0.159069	0.456
0.0252278	0.951249	0.30739	1.11688
0.159069	-0.30739	0.938194	-0.210389

0.986124	0.0264519	-0.163889	0.456
0.0264519	0.949575	0.312422	1.11633
0.163889	-0.312422	0.935699	-0.211584

0.985276	0.0277018	-0.168714	0.456
0.0277018	0.947883	0.317412	1.11577
0.168714	-0.317412	0.933158	-0.21278

0.984401	0.0289768	-0.173538	0.456
0.0289768	0.946173	0.32236	1.11521
0.173538	-0.32236	0.930574	-0.213976

0.983499	0.0302762	-0.178359	0.456
0.0302762	0.944447	0.327264	1.11463
0.178359	-0.327264	0.927947	-0.215172

0.982572	0.0315993	-0.183174	0.456
0.0315993	0.942705	0.332127	1.11404
0.183174	-0.332127	0.925277	-0.216368

0.98162	0.0329452	-0.187979	0.456
0.0329452	0.940947	0.336947	1.11344
0.187979	-0.336947	0.922567	-0.217564

0.980644	0.0343132	-0.192771	0.456
0.0343132	0.939173	0.341726	1.11283
0.192771	-0.341726	0.919816	-0.218759

0.979643	0.0357025	-0.197546	0.456
0.0357025	0.937384	0.346462	1.1122
0.197546	-0.346462	0.917027	-0.219955

0.97862	0.0371121	-0.202301	0.456
0.0371121	0.935581	0.351156	1.11157
0.202301	-0.351156	0.9142	-0.221151

0.977574	0.0385411	-0.207034	0.456
0.0385411	0.933763	0.355809	1.11093
0.207034	-0.355809	0.911337	-0.222347

0.976507	0.0399888	-0.21174	0.456
0.0399888	0.931932	0.360421	1.11028
0.21174	-0.360421	0.908439	-0.223543

0.97542	0.041454	-0.216417	0.456
0.041454	0.930087	0.364991	1.10962
0.216417	-0.364991	0.905507	-0.224738

0.974314	0.0429358	-0.221061	0.456
0.0429358	0.92823	0.36952	1.10895
0.221061	-0.36952	0.902544	-0.225934

0.97319	0.0444333	-0.225669	0.456
0.0444333	0.926359	0.374009	1.10827
0.225669	-0.374009	0.899549	-0.22713

0.972049	0.0459453	-0.230239	0.456
0.0459453	0.924477	0.378457	1.10758
0.230239	-0.378457	0.896526	-0.228326

0.970892	0.0474708	-0.234766	0.456
0.0474708	0.922583	0.382866	1.10688
0.234766	-0.382866	0.893475	-0.229522

0.96972	0.0490088	-0.239249	0.456
0.0490088	0.920677	0.387234	1.10618
0.239249	-0.387234	0.890398	-0.230717

0.968536	0.0505581	-0.243683	0.456
0.0505581	0.91876	0.391563	1.10546
0.243683	-0.391563	0.887296	-0.231913

0.96734	0.0521177	-0.248066	0.456
0.0521177	0.916833	0.395853	1.10474
0.248066	-0.395853	0.884173	-0.233109

0.966134	0.0536863	-0.252395	0.456
0.0536863	0.914895	0.400105	1.10401
0.252395	-0.400105	0.881028	-0.234305

0.964918	0.0552627	-0.256666	0.456
0.0552627	0.912946	0.404318	1.10327
0.256666	-0.404318	0.877865	-0.235501

0.963696	0.0568459	-0.260878	0.456
0.0568459	0.910988	0.408493	1.10252
0.260878	-0.408493	0.874685	-0.236697

0.962468	0.0584346	-0.265027	0.456
0.0584346	0.909021	0.412631	1.10177
0.265027	-0.412631	0.871489	-0.237892

0.961237	0.0600275	-0.26911	0.456
0.0600275	0.907044	0.416732	1.101
0.26911	-0.416732	0.868281	-0.239088

0.960003	0.0616233	-0.273124	0.456
0.0616233	0.905058	0.420797	1.10024
0.273124	-0.420797	0.865061	-0.240284

0.958768	0.063221	-0.277067	0.456
0.063221	0.903063	0.424826	1.09946
0.277067	-0.424826	0.861831	-0.24148

0.957535	0.064819	-0.280935	0.456
0.064819	0.90106	0.428819	1.09868
0.280935	-0.428819	0.858595	-0.242676

0.956304	0.0664161	-0.284727	0.456
0.0664161	0.899049	0.432778	1.09789
0.284727	-0.432778	0.855354	-0.243871

0.955079	0.0680111	-0.288439	0.456
0.0680111	0.89703	0.436703	1.09709
0.288439	-0.436703	0.852109	-0.245067

0.953861	0.0696025	-0.292068	0.456
0.0696025	0.895003	0.440594	1.09629
0.292068	-0.440594	0.848863	-0.246263

0.952651	0.0711889	-0.295612	0.456
0.0711889	0.892968	0.444452	1.09548
0.295612	-0.444452	0.845619	-0.247459

0.951452	0.0727691	-0.299069	0.456
0.0727691	0.890926	0.448277	1.09467
0.299069	-0.448277	0.842378	-0.248655

0.950266	0.0743415	-0.302435	0.456
0.0743415	0.888877	0.452071	1.09385
0.302435	-0.452071	0.839142	-0.249851

0.949094	0.0759049	-0.305709	0.456
0.0759049	0.88682	0.455834	1.09303
0.305709	-0.455834	0.835914	-0.251046

0.947939	0.0774577	-0.308886	0.456
0.0774577	0.884757	0.459566	1.0922
0.308886	-0.459566	0.832696	-0.252242

0.946802	0.0789985	-0.311966	0.456
0.0789985	0.882687	0.463269	1.09136
0.311966	-0.463269	0.82949	-0.253438

0.945687	0.0805259	-0.314945	0.456
0.0805259	0.880611	0.466943	1.09053
0.314945	-0.466943	0.826298	-0.254634

0.944594	0.0820384	-0.317821	0.456
0.0820384	0.878528	0.470588	1.08968
0.317821	-0.470588	0.823122	-0.25583

0.943526	0.0835344	-0.320592	0.456
0.0835344	0.876439	0.474206	1.08883
0.320592	-0.474206	0.819965	-0.257025

0.942485	0.0850126	-0.323254	0.456
0.0850126	0.874344	0.477797	1.08798
0.323254	-0.477797	0.816829	-0.258221

0.941473	0.0864713	-0.325806	0.456
0.0864713	0.872243	0.481363	1.08713
0.325806	-0.481363	0.813716	-0.259417

0.940492	0.087909	-0.328245	0.456
0.087909	0.870136	0.484902	1.08626
0.328245	-0.484902	0.810628	-0.260613

0.939544	0.0893243	-0.330569	0.456
0.0893243	0.868023	0.488418	1.0854
0.330569	-0.488418	0.807567	-0.261809

0.938631	0.0907154	-0.332775	0.456
0.0907154	0.865904	0.491909	1.08453
0.332775	-0.491909	0.804536	-0.263004

0.937756	0.0920809	-0.334861	0.456
0.0920809	0.86378	0.495378	1.08366
0.334861	-0.495378	0.801536	-0.2642

0.93692	0.0934191	-0.336825	0.456
0.0934191	0.86165	0.498825	1.08279
0.336825	-0.498825	0.79857	-0.265396

0.936125	0.0947284	-0.338664	0.456
0.0947284	0.859514	0.50225	1.08191
0.338664	-0.50225	0.79564	-0.266592

0.935374	0.0960072	-0.340375	0.456
0.0960072	0.857373	0.505655	1.08103
0.340375	-0.505655	0.792747	-0.267788

0.934668	0.0972539	-0.341957	0.456
0.0972539	0.855227	0.50904	1.08015
0.341957	-0.50904	0.789895	-0.268984

0.934009	0.0984668	-0.343407	0.456
0.0984668	0.853075	0.512406	1.07927
0.343407	-0.512406	0.787084	-0.270179

0.933399	0.0996442	-0.344722	0.456
0.0996442	0.850918	0.515754	1.07838
0.344722	-0.515754	0.784317	-0.271375

0.93284	0.100784	-0.345901	0.456
0.100784	0.848756	0.519085	1.07749
0.345901	-0.519085	0.781596	-0.272571

0.932334	0.101886	-0.346941	0.456
0.101886	0.846588	0.522399	1.0766
0.346941	-0.522399	0.778922	-0.273767

0.931883	0.102947	-0.34784	0.456
0.102947	0.844415	0.525697	1.07571
0.34784	-0.525697	0.776298	-0.274963

0.931488	0.103965	-0.348595	0.456
0.103965	0.842237	0.528981	1.07482
0.348595	-0.528981	0.773724	-0.276158

0.931151	0.104939	-0.349203	0.456
0.104939	0.840053	0.53225	1.07392
0.349203	-0.53225	0.771204	-0.277354

0.930873	0.105868	-0.349663	0.456
0.105868	0.837865	0.535506	1.07303
0.349663	-0.535506	0.768737	-0.27855

0.930656	0.106748	-0.349972	0.456
0.106748	0.835671	0.538749	1.07213
0.349972	-0.538749	0.766327	-0.279746

0.930502	0.10758	-0.350127	0.456
0.10758	0.833472	0.541979	1.07124
0.350127	-0.541979	0.763974	-0.280942

0.930412	0.108359	-0.350126	0.456
0.108359	0.831268	0.545199	1.07034
0.350126	-0.545199	0.76168	-0.282138

0.930387	0.109086	-0.349967	0.456
0.109086	0.829059	0.548408	1.06944
0.349967	-0.548408	0.759446	-0.283333

0.930428	0.109758	-0.349647	0.456
0.109758	0.826845	0.551607	1.06855
0.349647	-0.551607	0.757273	-0.284529

0.930537	0.110372	-0.349164	0.456
0.110372	0.824626	0.554797	1.06765
0.349164	-0.554797	0.755162	-0.285725

0.930714	0.110928	-0.348514	0.456
0.110928	0.822402	0.557978	1.06675
0.348514	-0.557978	0.753116	-0.286921

0.930961	0.111423	-0.347696	0.456
0.111423	0.820173	0.561151	1.06586
0.347696	-0.561151	0.751134	-0.288117

0.931278	0.111855	-0.346707	0.456
0.111855	0.817939	0.564316	1.06496
0.346707	-0.564316	0.749217	-0.289312

0.931666	0.112223	-0.345544	0.456
0.112223	0.8157	0.567475	1.06407
0.345544	-0.567475	0.747366	-0.290508

0.932125	0.112523	-0.344204	0.456
0.112523	0.813457	0.570626	1.06318
0.344204	-0.570626	0.745582	-0.291704

0.932657	0.112755	-0.342685	0.456
0.112755	0.811209	0.573772	1.06229
0.342685	-0.573772	0.743866	-0.2929

0.933261	0.112916	-0.340983	0.456
0.112916	0.808956	0.576912	1.0614
0.340983	-0.576912	0.742217	-0.294096

0.933937	0.113004	-0.339097	0.456
0.113004	0.806699	0.580046	1.06051
0.339097	-0.580046	0.740637	-0.295291

0.934686	0.113017	-0.337023	0.456
0.113017	0.804438	0.583175	1.05962
0.337023	-0.583175	0.739124	-0.296487

0.935507	0.112953	-0.334758	0.456
0.112953	0.802173	0.5863	1.05874
0.334758	-0.5863	0.73768	-0.297683

0.936401	0.11281	-0.3323	0.456
0.11281	0.799903	0.589419	1.05786
0.3323	-0.589419	0.736304	-0.298879

0.937366	0.112585	-0.329645	0.456
0.112585	0.79763	0.592535	1.05698
0.329645	-0.592535	0.734996	-0.300075

0.938402	0.112276	-0.32679	0.456
0.112276	0.795353	0.595645	1.0561
0.32679	-0.595645	0.733755	-0.301271

0.939508	0.111881	-0.323733	0.456
0.111881	0.793073	0.598752	1.05523
0.323733	-0.598752	0.732581	-0.302466

0.940683	0.111399	-0.320469	0.456
0.111399	0.790789	0.601854	1.05436
0.320469	-0.601854	0.731472	-0.303662

0.941927	0.110826	-0.316997	0.456
0.110826	0.788503	0.604951	1.05349
0.316997	-0.604951	0.73043	-0.304858

0.943237	0.11016	-0.313313	0.456
0.11016	0.786214	0.608043	1.05262
0.313313	-0.608043	0.729451	-0.306054

0.944612	0.109399	-0.309412	0.456
0.109399	0.783923	0.611131	1.05176
0.309412	-0.611131	0.728534	-0.30725

0.94605	0.108541	-0.305293	0.456
0.108541	0.781629	0.614213	1.05091
0.305293	-0.614213	0.72768	-0.308445

0.947549	0.107583	-0.300952	0.456
0.107583	0.779335	0.617289	1.05005
0.300952	-0.617289	0.726884	-0.309641

0.949107	0.106523	-0.296386	0.456
0.106523	0.777039	0.620359	1.04921
0.296386	-0.620359	0.726147	-0.310837

0.950721	0.105358	-0.29159	0.456
0.105358	0.774743	0.623421	1.04836
0.29159	-0.623421	0.725465	-0.312033

0.952389	0.104087	-0.286562	0.456
0.104087	0.772447	0.626476	1.04752
0.286562	-0.626476	0.724836	-0.313229

0.954107	0.102706	-0.281297	0.456
0.102706	0.770152	0.629523	1.04669
0.281297	-0.629523	0.724258	-0.314425

0.955871	0.101213	-0.275794	0.456
0.101213	0.767857	0.632559	1.04586
0.275794	-0.632559	0.723729	-0.31562

0.957679	0.0996065	-0.270047	0.456
0.0996065	0.765565	0.635586	1.04504
0.270047	-0.635586	0.723244	-0.316816

0.959527	0.097883	-0.264053	0.456
0.097883	0.763275	0.6386	1.04422
0.264053	-0.6386	0.722801	-0.318012

0.961409	0.0960403	-0.257809	0.456
0.0960403	0.760988	0.641602	1.0434
0.257809	-0.641602	0.722397	-0.319208

0.963322	0.0940758	-0.251311	0.456
0.0940758	0.758705	0.644589	1.0426
0.251311	-0.644589	0.722027	-0.320404

0.96526	0.0919873	-0.244556	0.456
0.0919873	0.756427	0.64756	1.0418
0.244556	-0.64756	0.721687	-0.321599

0.967219	0.089772	-0.23754	0.456
0.089772	0.754155	0.650514	1.041
0.23754	-0.650514	0.721374	-0.322795

0.969193	0.0874276	-0.230258	0.456
0.0874276	0.75189	0.653448	1.04021
0.230258	-0.653448	0.721082	-0.323991

0.971175	0.0849517	-0.222708	0.456
0.0849517	0.749632	0.656361	1.03943
0.222708	-0.656361	0.720808	-0.325187

0.97316	0.0823416	-0.214887	0.456
0.0823416	0.747384	0.659251	1.03865
0.214887	-0.659251	0.720544	-0.326383

0.975141	0.0795951	-0.206789	0.456
0.0795951	0.745146	0.662114	1.03788
0.206789	-0.662114	0.720287	-0.327578

0.977111	0.0767096	-0.198413	0.456
0.0767096	0.74292	0.66495	1.03712
0.198413	-0.66495	0.72003	-0.328774

0.979062	0.0736827	-0.189754	0.456
0.0736827	0.740706	0.667756	1.03637
0.189754	-0.667756	0.719768	-0.32997

0.980986	0.0705122	-0.180809	0.456
0.0705122	0.738506	0.670528	1.03562
0.180809	-0.670528	0.719493	-0.331166

0.982876	0.0671956	-0.171575	0.456
0.0671956	0.736322	0.673264	1.03488
0.171575	-0.673264	0.719198	-0.332362

0.984722	0.0637308	-0.162048	0.456
0.0637308	0.734156	0.67596	1.03415
0.162048	-0.67596	0.718878	-0.333558

0.986515	0.0601153	-0.152226	0.456
0.0601153	0.732009	0.678614	1.03343
0.152226	-0.678614	0.718524	-0.334753

0.988246	0.0563472	-0.142105	0.456
0.0563472	0.729882	0.681222	1.03271
0.142105	-0.681222	0.718128	-0.335949

0.989904	0.0524243	-0.131682	0.456
0.0524243	0.727778	0.683781	1.03201
0.131682	-0.683781	0.717682	-0.337145

0.991479	0.0483445	-0.120955	0.456
0.0483445	0.725698	0.686286	1.03131
0.120955	-0.686286	0.717178	-0.338341

0.992961	0.044106	-0.109922	0.456
0.044106	0.723646	0.688734	1.03062
0.109922	-0.688734	0.716606	-0.339537

0.994336	0.0397069	-0.0985788	0.456
0.0397069	0.721621	0.69112	1.02994
0.0985788	-0.69112	0.715958	-0.340732

0.995594	0.0351453	-0.0869246	0.456
0.0351453	0.719628	0.693441	1.02927
0.0869246	-0.693441	0.715223	-0.341928

0.996722	0.0304198	-0.0749573	0.456
0.0304198	0.717669	0.69569	1.02861
0.0749573	-0.69569	0.714391	-0.343124

0.997707	0.0255289	-0.062675	0.456
0.0255289	0.715745	0.697864	1.02796
0.062675	-0.697864	0.713452	-0.34432

0.998535	0.0204711	-0.0500764	0.456
0.0204711	0.713859	0.699958	1.02732
0.0500764	-0.699958	0.712395	-0.345516

0.999193	0.0152453	-0.0371604	0.456
0.0152453	0.712015	0.701966	1.02668
0.0371604	-0.701966	0.711207	-0.346712

0.999665	0.00985036	-0.0239263	0.456
0.00985036	0.710214	0.703883	1.02606
0.0239263	-0.703883	0.709879	-0.347907

0.999937	0.00428554	-0.0103736	0.456
0.00428554	0.70846	0.705702	1.02545
0.0103736	-0.705702	0.708397	-0.349103

0.999995	-0.00121095	0.00293753	0.456
-0.00121095	0.709521	0.704647	1.02485
-0.00293753	-0.704647	0.709516	-0.350299

0.999825	-0.00719146	0.0172924	0.456
-0.00719146	0.705151	0.708985	1.02425
-0.0172924	-0.708985	0.704976	-0.3515

0.999439	-0.0128973	0.0309174	0.456
-0.0128973	0.703661	0.710385	1.02365
-0.0309174	-0.710385	0.703099	-0.352708

0.998843	-0.0185573	0.044357	0.456
-0.0185573	0.702284	0.711622	1.02304
-0.044357	-0.711622	0.701127	-0.353923

0.998046	-0.0241684	0.0576119	0.456
-0.0241684	0.701021	0.712699	1.02243
-0.0576119	-0.712699	0.699067	-0.355145

0.997056	-0.0297274	0.0706828	0.456
-0.0297274	0.699869	0.713621	1.02181
-0.0706828	-0.713621	0.696925	-0.356373

0.995879	-0.0352315	0.0835705	0.456
-0.0352315	0.698828	0.714392	1.0212
-0.0835705	-0.714392	0.694707	-0.357608

0.994523	-0.0406781	0.0962761	0.456
-0.0406781	0.697896	0.715014	1.02058
-0.0962761	-0.715014	0.692419	-0.358849

0.992995	-0.0460646	0.108801	0.456
-0.0460646	0.697073	0.715491	1.01995
-0.108801	-0.715491	0.690068	-0.360097

0.991303	-0.0513886	0.121146	0.456
-0.0513886	0.696356	0.715828	1.01932
-0.121146	-0.715828	0.687659	-0.36135

0.989453	-0.056648	0.133313	0.456
-0.056648	0.695744	0.716027	1.0187
-0.133313	-0.716027	0.685197	-0.36261

0.987452	-0.0618407	0.145304	0.456
-0.0618407	0.695236	0.716091	1.01806
-0.145304	-0.716091	0.682688	-0.363875

0.985306	-0.0669647	0.15712	0.456
-0.0669647	0.69483	0.716025	1.01743
-0.15712	-0.716025	0.680136	-0.365146

0.983021	-0.0720184	0.168764	0.456
-0.0720184	0.694526	0.715831	1.01679
-0.168764	-0.715831	0.677547	-0.366422

0.980604	-0.077	0.180236	0.456
-0.077	0.694321	0.715512	1.01615
-0.180236	-0.715512	0.674924	-0.367704

0.97806	-0.081908	0.191539	0.456
-0.081908	0.694213	0.715072	1.0155
-0.191539	-0.715072	0.672273	-0.368992

0.975395	-0.0867411	0.202675	0.456
-0.0867411	0.694203	0.714513	1.01486
-0.202675	-0.714513	0.669598	-0.370284

0.972615	-0.0914979	0.213647	0.456
-0.0914979	0.694287	0.713838	1.01421
-0.213647	-0.713838	0.666902	-0.371582

